1	115
1	172
1	203
1	266
1	396
1	496
1	722
1	792
1	822
1	960
2	52
2	98
2	114
2	199
2	351
2	578
2	721
2	786
2	855
2	948
3	27
3	97
3	482
3	542
3	628
3	634
3	635
3	711
3	717
3	797
4	111
4	290
4	392
4	643
4	742
4	750
4	840
4	881
4	928
4	952
5	117
5	196
5	228
5	236
5	379
5	425
5	629
5	825
5	861
5	869
6	398
6	553
6	596
6	600
6	622
6	665
6	808
6	850
6	933
6	988
7	84
7	125
7	270
7	398
7	405
7	705
7	729
7	844
7	884
7	890
8	102
8	141
8	189
8	237
8	251
8	466
8	474
8	578
8	730
8	752
9	44
9	137
9	156
9	264
9	298
9	598
9	712
9	755
9	771
9	950
10	299
10	303
10	335
10	352
10	403
10	568
10	597
10	683
10	872
10	977
11	206
11	219
11	374
11	432
11	512
11	601
11	611
11	644
11	712
11	878
12	152
12	167
12	199
12	236
12	309
12	410
12	579
12	769
12	786
12	803
13	97
13	124
13	230
13	315
13	603
13	671
13	674
13	690
13	787
13	810
14	109
14	149
14	151
14	256
14	296
14	349
14	599
14	647
14	699
14	806
15	295
15	364
15	459
15	494
15	572
15	617
15	618
15	746
15	792
15	859
16	25
16	188
16	200
16	296
16	433
16	456
16	576
16	640
16	823
16	937
17	37
17	240
17	403
17	481
17	520
17	568
17	637
17	828
17	946
17	997
18	20
18	49
18	99
18	328
18	336
18	358
18	480
18	523
18	765
18	799
19	29
19	144
19	176
19	603
19	667
19	677
19	701
19	829
19	849
19	903
20	18
20	138
20	156
20	232
20	322
20	336
20	470
20	602
20	905
20	934
21	75
21	112
21	153
21	171
21	283
21	668
21	682
21	729
21	835
21	950
22	41
22	173
22	215
22	219
22	296
22	311
22	436
22	724
22	735
22	760
23	61
23	96
23	161
23	201
23	215
23	500
23	612
23	905
23	984
23	995
24	45
24	78
24	147
24	338
24	368
24	369
24	779
24	866
24	942
24	960
25	16
25	83
25	95
25	243
25	433
25	524
25	557
25	577
25	778
25	985
26	53
26	110
26	135
26	258
26	382
26	546
26	802
26	920
26	965
26	994
27	3
27	310
27	522
27	556
27	569
27	584
27	797
27	798
27	853
27	996
28	91
28	227
28	264
28	277
28	309
28	455
28	507
28	614
28	621
28	838
29	19
29	147
29	154
29	236
29	294
29	436
29	449
29	630
29	760
29	988
30	90
30	157
30	168
30	172
30	343
30	470
30	585
30	745
30	956
30	959
31	87
31	311
31	358
31	370
31	372
31	376
31	480
31	523
31	990
31	999
32	134
32	168
32	264
32	284
32	343
32	394
32	522
32	657
32	811
32	877
33	247
33	273
33	305
33	361
33	474
33	491
33	577
33	818
33	937
33	958
34	120
34	269
34	285
34	327
34	373
34	442
34	570
34	741
34	756
34	805
35	152
35	212
35	251
35	309
35	324
35	462
35	615
35	936
35	964
35	987
36	227
36	231
36	290
36	424
36	616
36	706
36	881
36	891
36	989
36	997
37	17
37	190
37	225
37	387
37	399
37	403
37	629
37	637
37	688
37	751
38	133
38	154
38	264
38	305
38	355
38	422
38	435
38	566
38	709
38	881
39	49
39	56
39	214
39	226
39	253
39	388
39	439
39	673
39	747
39	911
40	74
40	153
40	299
40	437
40	532
40	588
40	648
40	778
40	898
40	900
41	22
41	131
41	153
41	179
41	221
41	422
41	491
41	648
41	738
41	880
42	238
42	292
42	297
42	322
42	328
42	406
42	414
42	445
42	681
42	877
43	190
43	359
43	379
43	399
43	493
43	551
43	559
43	670
43	872
43	979
44	9
44	287
44	313
44	430
44	433
44	767
44	771
44	901
44	906
44	916
45	24
45	89
45	186
45	214
45	229
45	281
45	323
45	384
45	526
45	736
46	159
46	300
46	333
46	578
46	591
46	687
46	728
46	790
46	809
46	864
47	161
47	255
47	285
47	405
47	492
47	519
47	622
47	636
47	912
47	961
48	92
48	190
48	225
48	431
48	495
48	515
48	813
48	860
48	930
48	979
49	18
49	39
49	178
49	253
49	271
49	281
49	313
49	695
49	756
49	808
50	152
50	428
50	529
50	562
50	620
50	757
50	886
50	934
50	966
50	987
51	67
51	70
51	131
51	257
51	385
51	565
51	587
51	723
51	761
51	833
52	2
52	98
52	101
52	102
52	578
52	610
52	685
52	752
52	845
52	876
53	26
53	71
53	139
53	259
53	345
53	498
53	534
53	600
53	715
53	922
54	111
54	166
54	238
54	348
54	372
54	400
54	402
54	521
54	602
54	980
55	84
55	113
55	259
55	353
55	460
55	472
55	716
55	733
55	756
55	941
56	39
56	90
56	137
56	200
56	457
56	755
56	813
56	834
56	847
56	982
57	84
57	205
57	281
57	393
57	402
57	610
57	705
57	848
57	899
57	922
58	89
58	159
58	415
58	490
58	511
58	591
58	790
58	835
58	859
58	932
59	90
59	200
59	234
59	324
59	522
59	574
59	901
59	912
59	971
59	985
60	213
60	365
60	417
60	697
60	732
60	775
60	944
60	949
60	954
60	989
61	23
61	88
61	252
61	274
61	485
61	689
61	793
61	866
61	873
61	912
62	93
62	95
62	173
62	500
62	599
62	793
62	895
62	898
62	921
62	1000
63	148
63	172
63	269
63	302
63	406
63	439
63	440
63	885
63	969
63	983
64	89
64	159
64	333
64	380
64	460
64	513
64	541
64	690
64	770
64	823
65	311
65	406
65	481
65	656
65	737
65	820
65	869
65	902
65	939
65	999
66	86
66	149
66	296
66	349
66	513
66	655
66	833
66	837
66	929
66	962
67	51
67	99
67	103
67	437
67	448
67	550
67	636
67	685
67	870
67	947
68	136
68	186
68	321
68	385
68	459
68	618
68	722
68	747
68	808
68	978
69	95
69	119
69	191
69	223
69	319
69	392
69	424
69	559
69	704
69	881
70	51
70	248
70	288
70	406
70	555
70	658
70	711
70	723
70	947
70	953
71	53
71	158
71	160
71	307
71	332
71	355
71	362
71	461
71	498
71	625
72	120
72	220
72	297
72	390
72	402
72	465
72	720
72	766
72	848
72	918
73	191
73	290
73	316
73	365
73	434
73	643
73	928
73	941
73	949
73	976
74	40
74	116
74	155
74	162
74	327
74	329
74	555
74	605
74	609
74	732
75	21
75	104
75	112
75	151
75	169
75	430
75	489
75	496
75	664
75	895
76	208
76	329
76	372
76	485
76	523
76	691
76	713
76	758
76	788
76	879
77	88
77	127
77	188
77	236
77	416
77	485
77	559
77	724
77	864
77	873
78	24
78	242
78	276
78	431
78	483
78	536
78	633
78	686
78	699
78	784
79	126
79	256
79	273
79	357
79	561
79	763
79	801
79	864
79	900
79	929
80	82
80	107
80	125
80	349
80	438
80	596
80	599
80	726
80	888
80	959
81	118
81	174
81	382
81	607
81	675
81	697
81	703
81	704
81	743
81	954
82	80
82	96
82	121
82	201
82	369
82	377
82	485
82	500
82	512
82	912
83	25
83	95
83	97
83	215
83	236
83	299
83	433
83	477
83	640
83	655
84	7
84	55
84	57
84	161
84	570
84	729
84	805
84	826
84	856
84	911
85	244
85	283
85	288
85	337
85	606
85	723
85	745
85	812
85	821
85	899
86	66
86	247
86	648
86	660
86	720
86	760
86	776
86	935
86	945
86	962
87	31
87	292
87	336
87	370
87	464
87	478
87	737
87	877
87	889
87	980
88	61
88	77
88	284
88	525
88	584
88	717
88	720
88	823
88	912
88	988
89	45
89	58
89	64
89	144
89	306
89	318
89	380
89	541
89	770
89	811
90	30
90	56
90	59
90	122
90	287
90	343
90	396
90	513
90	688
90	827
91	28
91	105
91	169
91	234
91	364
91	370
91	420
91	422
91	772
91	978
92	48
92	192
92	415
92	425
92	524
92	598
92	688
92	872
92	908
92	939
93	62
93	422
93	438
93	500
93	649
93	685
93	832
93	846
93	937
93	963
94	172
94	226
94	274
94	286
94	494
94	505
94	654
94	751
94	784
94	852
95	25
95	62
95	69
95	83
95	221
95	243
95	314
95	416
95	683
95	793
96	23
96	82
96	187
96	224
96	296
96	456
96	661
96	800
96	801
96	818
97	3
97	13
97	83
97	419
97	501
97	512
97	569
97	584
97	634
97	798
98	2
98	52
98	187
98	197
98	340
98	356
98	428
98	562
98	752
98	991
99	18
99	67
99	132
99	330
99	510
99	692
99	713
99	841
99	892
99	934
100	138
100	293
100	318
100	334
100	415
100	490
100	541
100	568
100	591
100	754
101	52
101	350
101	474
101	542
101	543
101	627
101	637
101	731
101	863
101	987
102	8
102	52
102	167
102	175
102	201
102	309
102	627
102	689
102	845
102	966
103	67
103	217
103	314
103	437
103	468
103	555
103	605
103	685
103	833
103	947
104	75
104	260
104	280
104	287
104	389
104	558
104	591
104	771
104	772
104	958
105	91
105	156
105	164
105	284
105	298
105	393
105	411
105	454
105	613
105	857
106	117
106	159
106	410
106	445
106	464
106	490
106	541
106	547
106	638
106	690
107	80
107	267
107	282
107	305
107	367
107	448
107	845
107	924
107	943
107	963
108	245
108	251
108	290
108	365
108	417
108	563
108	643
108	944
108	952
108	966
109	14
109	153
109	184
109	188
109	444
109	449
109	655
109	880
109	981
109	993
110	26
110	395
110	407
110	553
110	592
110	670
110	693
110	736
110	815
110	902
111	4
111	54
111	297
111	423
111	470
111	481
111	555
111	573
111	677
111	980
112	21
112	75
112	283
112	750
112	813
112	827
112	884
112	923
112	940
112	984
113	55
113	137
113	148
113	212
113	459
113	493
113	496
113	791
113	808
113	885
114	2
114	151
114	427
114	597
114	639
114	660
114	801
114	924
114	931
114	938
115	1
115	157
115	371
115	461
115	504
115	592
115	715
115	775
115	862
115	965
116	74
116	255
116	373
116	390
116	405
116	478
116	648
116	700
116	812
116	844
117	5
117	106
117	181
117	546
117	596
117	718
117	775
117	817
117	842
117	850
118	81
118	213
118	223
118	275
118	291
118	376
118	402
118	706
118	740
118	831
119	69
119	279
119	306
119	325
119	334
119	450
119	464
119	854
119	893
119	989
120	34
120	72
120	248
120	402
120	487
120	694
120	707
120	744
120	870
120	951
121	82
121	529
121	562
121	631
121	642
121	645
121	650
121	689
121	803
121	855
122	90
122	452
122	489
122	508
122	593
122	621
122	659
122	741
122	765
122	940
123	132
123	314
123	316
123	417
123	537
123	590
123	675
123	949
123	952
123	976
124	13
124	239
124	374
124	431
124	512
124	542
124	644
124	659
124	662
124	700
125	7
125	80
125	154
125	179
125	234
125	294
125	355
125	436
125	655
125	873
126	79
126	207
126	219
126	497
126	500
126	632
126	759
126	864
126	929
126	988
127	77
127	198
127	204
127	226
127	259
127	302
127	526
127	710
127	792
127	802
128	160
128	305
128	307
128	504
128	538
128	679
128	734
128	839
128	923
128	965
129	333
129	334
129	408
129	436
129	450
129	629
129	770
129	804
129	919
129	932
130	265
130	375
130	462
130	490
130	493
130	547
130	728
130	804
130	923
130	925
131	41
131	51
131	220
131	528
131	552
131	609
131	729
131	848
131	953
131	973
132	99
132	123
132	143
132	246
132	410
132	462
132	543
132	578
132	803
132	886
133	38
133	165
133	236
133	243
133	263
133	422
133	626
133	760
133	852
133	880
134	32
134	158
134	227
134	284
134	393
134	452
134	531
134	643
134	745
134	806
135	26
135	242
135	253
135	505
135	575
135	633
135	745
135	791
135	866
135	942
136	68
136	183
136	246
136	340
136	418
136	615
136	620
136	666
136	721
136	979
137	9
137	56
137	113
137	184
137	313
137	397
137	558
137	623
137	649
137	755
138	20
138	100
138	372
138	392
138	401
138	480
138	641
138	691
138	692
138	841
139	53
139	189
139	379
139	441
139	538
139	571
139	655
139	665
139	679
139	850
140	142
140	169
140	194
140	304
140	621
140	806
140	883
140	925
140	955
140	985
141	8
141	178
141	186
141	385
141	439
141	503
141	525
141	545
141	669
141	852
142	140
142	234
142	268
142	338
142	383
142	444
142	640
142	738
142	835
142	895
143	132
143	418
143	462
143	556
143	609
143	803
143	863
143	886
143	894
143	966
144	19
144	89
144	528
144	635
144	644
144	797
144	810
144	832
144	849
144	853
145	404
145	439
145	479
145	540
145	559
145	616
145	742
145	881
145	882
145	891
146	276
146	324
146	328
146	502
146	613
146	771
146	773
146	827
146	935
146	951
147	24
147	29
147	353
147	439
147	499
147	536
147	822
147	836
147	965
147	969
148	63
148	113
148	172
148	266
148	322
148	540
148	646
148	716
148	746
148	779
149	14
149	66
149	409
149	497
149	514
149	595
149	709
149	776
149	837
149	993
150	177
150	213
150	223
150	290
150	319
150	697
150	784
150	844
150	954
150	989
151	14
151	75
151	114
151	207
151	296
151	532
151	571
151	612
151	762
151	793
152	12
152	35
152	50
152	272
152	309
152	410
152	504
152	543
152	652
152	876
153	21
153	40
153	41
153	109
153	305
153	463
153	491
153	630
153	648
153	964
154	29
154	38
154	125
154	179
154	317
154	525
154	691
154	762
154	768
154	867
155	74
155	233
155	249
155	270
155	342
155	421
155	491
155	492
155	739
155	973
156	9
156	20
156	105
156	169
156	171
156	200
156	302
156	444
156	678
156	978
157	30
157	115
157	276
157	313
157	346
157	387
157	668
157	741
157	937
157	959
158	71
158	134
158	235
158	357
158	363
158	769
158	773
158	883
158	971
158	985
159	46
159	58
159	64
159	106
159	599
159	743
159	807
159	863
159	893
159	919
160	71
160	128
160	181
160	193
160	362
160	382
160	461
160	625
160	649
160	689
161	23
161	47
161	84
161	304
161	549
161	570
161	609
161	868
161	879
161	970
162	74
162	320
162	527
162	553
162	596
162	693
162	714
162	885
162	933
162	972
163	418
163	462
163	485
163	529
163	543
163	562
163	574
163	725
163	816
163	845
164	105
164	166
164	321
164	400
164	523
164	641
164	819
164	879
164	896
164	980
165	133
165	252
165	267
165	509
165	544
165	588
165	626
165	817
165	924
165	929
166	54
166	164
166	292
166	400
166	573
166	788
166	819
166	896
166	908
166	924
167	12
167	102
167	187
167	195
167	428
167	523
167	574
167	730
167	952
167	992
168	30
168	32
168	215
168	248
168	277
168	287
168	393
168	765
168	834
168	950
169	75
169	91
169	140
169	156
169	234
169	287
169	534
169	690
169	909
169	935
170	192
170	211
170	289
170	312
170	413
170	416
170	421
170	447
170	875
170	939
171	21
171	156
171	222
171	520
171	530
171	565
171	657
171	771
171	806
171	955
172	1
172	30
172	63
172	94
172	148
172	242
172	384
172	458
172	779
172	882
173	22
173	62
173	231
173	377
173	557
173	581
173	626
173	680
173	829
173	921
174	81
174	231
174	559
174	563
174	576
174	672
174	675
174	697
174	726
174	840
175	102
175	179
175	217
175	363
175	411
175	486
175	583
175	668
175	935
175	958
176	19
176	206
176	239
176	312
176	315
176	482
176	528
176	797
176	857
176	903
177	150
177	245
177	299
177	424
177	559
177	681
177	703
177	840
177	891
177	949
178	49
178	141
178	204
178	273
178	281
178	295
178	458
178	507
178	521
178	757
179	41
179	125
179	154
179	175
179	282
179	409
179	435
179	566
179	705
179	724
180	292
180	364
180	420
180	530
180	549
180	682
180	727
180	755
180	759
180	935
181	117
181	160
181	189
181	352
181	439
181	576
181	594
181	632
181	875
181	904
182	193
182	210
182	306
182	334
182	415
182	533
182	535
182	690
182	754
182	809
183	136
183	350
183	356
183	410
183	466
183	569
183	666
183	689
183	840
183	964
184	109
184	137
184	262
184	298
184	319
184	507
184	513
184	624
184	659
184	959
185	234
185	441
185	538
185	632
185	725
185	748
185	850
185	862
185	871
185	878
186	45
186	68
186	141
186	253
186	385
186	535
186	784
186	803
186	811
186	941
187	96
187	98
187	167
187	272
187	364
187	418
187	620
187	731
187	964
187	966
188	16
188	77
188	109
188	296
188	438
188	454
188	707
188	720
188	846
188	888
189	8
189	139
189	181
189	320
189	345
189	371
189	576
189	592
189	904
189	976
190	37
190	43
190	48
190	202
190	324
190	347
190	550
190	568
190	696
190	946
191	69
191	73
191	206
191	213
191	291
191	376
191	471
191	612
191	831
191	989
192	92
192	170
192	548
192	589
192	605
192	683
192	744
192	785
192	830
192	888
193	160
193	182
193	249
193	257
193	327
193	467
193	593
193	890
193	899
193	1000
194	140
194	233
194	255
194	262
194	613
194	614
194	624
194	659
194	906
194	932
195	167
195	199
195	410
195	466
195	650
195	674
195	731
195	754
195	786
195	845
196	5
196	216
196	228
196	277
196	543
196	548
196	597
196	608
196	696
196	830
197	98
197	262
197	283
197	318
197	444
197	524
197	585
197	623
197	659
197	664
198	127
198	214
198	259
198	266
198	301
198	459
198	747
198	814
198	850
198	917
199	2
199	12
199	195
199	251
199	428
199	593
199	604
199	627
199	642
199	730
200	16
200	56
200	59
200	156
200	235
200	384
200	393
200	397
200	583
200	951
201	23
201	82
201	102
201	469
201	612
201	626
201	818
201	905
201	921
201	993
202	190
202	226
202	335
202	475
202	509
202	608
202	702
202	908
202	977
202	998
203	1
203	206
203	215
203	431
203	482
203	644
203	782
203	810
203	849
203	858
204	127
204	178
204	503
204	545
204	567
204	646
204	695
204	941
204	960
204	967
205	57
205	220
205	342
205	465
205	492
205	699
205	729
205	792
205	844
205	922
206	11
206	176
206	191
206	203
206	453
206	656
206	662
206	829
206	853
206	915
207	126
207	151
207	305
207	344
207	416
207	449
207	588
207	626
207	688
207	759
208	76
208	226
208	232
208	330
208	358
208	414
208	518
208	677
208	758
208	957
209	305
209	433
209	485
209	570
209	648
209	769
209	823
209	937
209	974
209	995
210	182
210	318
210	412
210	441
210	460
210	473
210	638
210	770
210	781
210	945
211	170
211	303
211	479
211	597
211	637
211	657
211	696
211	908
211	946
211	961
212	35
212	113
212	323
212	353
212	440
212	545
212	620
212	699
212	808
212	942
213	60
213	118
213	150
213	191
213	222
213	326
213	471
213	476
213	607
213	786
214	39
214	45
214	198
214	247
214	332
214	496
214	499
214	518
214	572
214	617
215	22
215	23
215	83
215	168
215	203
215	305
215	416
215	776
215	898
215	905
216	196
216	228
216	258
216	347
216	597
216	631
216	633
216	688
216	785
216	997
217	103
217	175
217	235
217	276
217	524
217	653
217	681
217	772
217	793
217	916
218	261
218	347
218	403
218	514
218	516
218	598
218	728
218	744
218	778
218	975
219	11
219	22
219	126
219	256
219	274
219	459
219	544
219	663
219	763
219	880
220	72
220	131
220	205
220	327
220	331
220	359
220	378
220	761
220	901
220	970
221	41
221	95
221	299
221	342
221	416
221	448
221	793
221	846
221	903
221	931
222	171
222	213
222	264
222	277
222	389
222	430
222	580
222	678
222	787
222	895
223	69
223	118
223	150
223	537
223	563
223	704
223	776
223	810
223	928
223	976
224	96
224	429
224	435
224	491
224	497
224	599
224	660
224	856
224	864
224	938
225	37
225	48
225	360
225	510
225	598
225	744
225	786
225	830
225	872
225	913
226	39
226	94
226	127
226	202
226	208
226	286
226	451
226	746
226	756
226	779
227	28
227	36
227	134
227	284
227	530
227	621
227	623
227	750
227	800
227	847
228	5
228	196
228	216
228	477
228	629
228	683
228	735
228	918
228	939
228	975
229	45
229	283
229	341
229	354
229	386
229	499
229	587
229	781
229	852
229	970
230	13
230	239
230	263
230	556
230	711
230	712
230	798
230	853
230	916
230	994
231	36
231	173
231	174
231	326
231	590
231	600
231	672
231	703
231	952
231	976
232	20
232	208
232	295
232	348
232	413
232	470
232	480
232	656
232	692
232	799
233	155
233	194
233	308
233	346
233	503
233	595
233	661
233	740
233	765
233	971
234	59
234	91
234	125
234	142
234	169
234	185
234	558
234	621
234	772
234	865
235	158
235	200
235	217
235	357
235	371
235	522
235	573
235	847
235	956
235	982
236	5
236	12
236	29
236	77
236	83
236	133
236	463
236	680
236	800
236	898
237	8
237	350
237	391
237	466
237	474
237	666
237	876
237	904
237	964
237	987
238	42
238	54
238	328
238	362
238	414
238	426
238	698
238	892
238	929
238	991
239	124
239	176
239	230
239	310
239	432
239	517
239	590
239	603
239	782
239	799
240	17
240	359
240	379
240	419
240	427
240	514
240	567
240	589
240	652
240	939
241	258
241	308
241	407
241	596
241	708
241	790
241	917
241	926
241	933
241	965
242	78
242	135
242	172
242	384
242	397
242	494
242	587
242	617
242	733
242	994
243	25
243	95
243	133
243	497
243	572
243	680
243	749
243	846
243	897
243	938
244	85
244	257
244	298
244	331
244	337
244	390
244	437
244	487
244	843
244	918
245	108
245	177
245	316
245	359
245	365
245	404
245	624
245	672
245	675
245	882
246	132
246	136
246	257
246	351
246	418
246	462
246	466
246	574
246	598
246	645
247	33
247	86
247	214
247	355
247	448
247	726
247	760
247	796
247	888
247	963
248	70
248	120
248	168
248	270
248	487
248	571
248	593
248	694
248	729
248	774
249	155
249	193
249	263
249	449
249	478
249	552
249	705
249	761
249	870
249	874
250	293
250	325
250	356
250	397
250	412
250	490
250	533
250	790
250	811
250	925
251	8
251	35
251	108
251	199
251	462
251	508
251	730
251	765
251	803
251	964
252	61
252	165
252	314
252	367
252	426
252	519
252	612
252	663
252	897
252	900
253	39
253	49
253	135
253	186
253	432
253	671
253	746
253	791
253	847
253	885
254	352
254	357
254	371
254	461
254	514
254	538
254	596
254	708
254	777
254	933
255	47
255	116
255	194
255	288
255	442
255	519
255	552
255	575
255	694
255	805
256	14
256	79
256	219
256	267
256	334
256	654
256	660
256	837
256	851
256	974
257	51
257	193
257	244
257	246
257	593
257	761
257	777
257	794
257	844
257	848
258	26
258	216
258	241
258	307
258	382
258	571
258	632
258	744
258	817
258	839
259	53
259	55
259	127
259	198
259	286
259	483
259	572
259	575
259	683
259	822
260	104
260	266
260	301
260	341
260	440
260	483
260	587
260	747
260	781
260	914
261	218
261	305
261	475
261	495
261	509
261	561
261	676
261	683
261	700
261	942
262	184
262	194
262	197
262	389
262	513
262	628
262	742
262	745
262	765
262	909
263	133
263	230
263	249
263	457
263	512
263	635
263	712
263	787
263	797
263	798
264	9
264	28
264	32
264	38
264	222
264	397
264	407
264	507
264	582
264	948
265	130
265	271
265	380
265	477
265	690
265	762
265	804
265	910
265	923
265	945
266	1
266	148
266	198
266	260
266	295
266	354
266	653
266	699
266	808
266	992
267	107
267	165
267	256
267	294
267	349
267	640
267	654
267	717
267	791
267	986
268	142
268	430
268	524
268	555
268	583
268	595
268	657
268	741
268	877
268	968
269	34
269	63
269	421
269	539
269	550
269	739
269	794
269	826
269	940
269	973
270	7
270	155
270	248
270	478
270	499
270	529
270	789
270	812
270	826
270	899
271	49
271	265
271	301
271	518
271	526
271	618
271	713
271	716
271	757
271	885
272	152
272	187
272	309
272	356
272	418
272	620
272	845
272	886
272	933
272	977
273	33
273	79
273	178
273	294
273	413
273	630
273	778
273	824
273	929
273	988
274	61
274	94
274	219
274	361
274	367
274	557
274	724
274	778
274	798
274	864
275	118
275	476
275	537
275	568
275	590
275	882
275	891
275	953
275	976
275	989
276	78
276	146
276	157
276	217
276	614
276	661
276	682
276	696
276	719
276	773
277	28
277	168
277	196
277	222
277	387
277	394
277	452
277	745
277	842
277	895
278	323
278	518
278	580
278	626
278	646
278	710
278	779
278	796
278	822
278	969
279	119
279	306
279	408
279	445
279	533
279	551
279	669
279	770
279	854
279	900
280	104
280	387
280	397
280	436
280	454
280	667
280	684
280	719
280	827
280	955
281	45
281	49
281	57
281	178
281	381
281	384
281	435
281	499
281	646
281	699
282	107
282	179
282	435
282	467
282	485
282	612
282	630
282	647
282	709
282	951
283	21
283	85
283	112
283	197
283	229
283	363
283	430
283	522
283	657
283	843
284	32
284	88
284	105
284	134
284	227
284	387
284	457
284	738
284	940
284	951
285	34
285	47
285	378
285	539
285	800
285	812
285	821
285	826
285	890
285	936
286	94
286	226
286	259
286	346
286	404
286	439
286	618
286	669
286	757
286	983
287	44
287	90
287	104
287	168
287	169
287	483
287	585
287	750
287	806
287	888
288	70
288	85
288	255
288	362
288	405
288	605
288	739
288	868
288	953
288	987
289	170
289	335
289	391
289	403
289	413
289	425
289	463
289	673
289	735
289	900
290	4
290	36
290	73
290	108
290	150
290	319
290	401
290	540
290	872
290	954
291	118
291	191
291	424
291	546
291	607
291	706
291	742
291	954
291	962
291	976
292	42
292	87
292	166
292	180
292	328
292	401
292	423
292	554
292	839
292	879
293	100
293	250
293	300
293	533
293	567
293	619
293	728
293	830
293	897
293	932
294	29
294	125
294	267
294	273
294	456
294	572
294	577
294	798
294	873
294	897
295	15
295	178
295	232
295	266
295	338
295	386
295	757
295	822
295	885
295	919
296	14
296	16
296	22
296	66
296	96
296	151
296	188
296	428
296	630
296	930
297	42
297	72
297	111
297	311
297	395
297	481
297	510
297	934
297	957
297	999
298	9
298	105
298	184
298	244
298	558
298	719
298	755
298	789
298	851
298	959
299	10
299	40
299	83
299	177
299	221
299	577
299	660
299	680
299	709
299	717
300	46
300	293
300	334
300	551
300	619
300	687
300	804
300	826
300	927
300	960
301	198
301	260
301	271
301	455
301	494
301	608
301	617
301	796
301	808
301	945
302	63
302	127
302	156
302	385
302	483
302	587
302	669
302	735
302	960
302	969
303	10
303	211
303	316
303	359
303	360
303	374
303	631
303	637
303	688
303	702
304	140
304	161
304	329
304	390
304	437
304	487
304	560
304	565
304	609
304	666
305	33
305	38
305	107
305	128
305	153
305	207
305	209
305	215
305	261
305	655
306	89
306	119
306	182
306	279
306	375
306	790
306	807
306	893
306	962
306	998
307	71
307	128
307	258
307	371
307	553
307	628
307	651
307	664
307	672
307	878
308	233
308	241
308	339
308	558
308	582
308	708
308	719
308	906
308	916
308	985
309	12
309	28
309	35
309	102
309	152
309	272
309	620
309	627
309	650
309	883
310	27
310	239
310	356
310	368
310	457
310	528
310	810
310	829
310	887
310	995
311	22
311	31
311	65
311	297
311	691
311	692
311	758
311	783
311	875
311	902
312	170
312	176
312	335
312	413
312	422
312	447
312	509
312	608
312	785
312	907
313	44
313	49
313	137
313	157
313	363
313	452
313	583
313	709
313	835
313	909
314	95
314	103
314	123
314	252
314	436
314	438
314	463
314	630
314	717
314	993
315	13
315	176
315	395
315	432
315	482
315	528
315	601
315	667
315	914
315	966
316	73
316	123
316	245
316	303
316	319
316	404
316	476
316	563
316	584
316	675
317	154
317	334
317	408
317	460
317	541
317	566
317	804
317	854
317	910
317	945
318	89
318	100
318	197
318	210
318	333
318	445
318	464
318	583
318	854
318	945
319	69
319	150
319	184
319	290
319	316
319	430
319	616
319	706
319	840
319	949
320	162
320	189
320	412
320	571
320	677
320	693
320	775
320	815
320	904
320	926
321	68
321	164
321	338
321	353
321	521
321	710
321	792
321	814
321	837
321	941
322	20
322	42
322	148
322	372
322	406
322	573
322	602
322	788
322	841
322	975
323	45
323	212
323	278
323	396
323	458
323	461
323	557
323	751
323	866
323	960
324	35
324	59
324	146
324	190
324	346
324	582
324	759
324	771
324	773
324	959
325	119
325	250
325	412
325	450
325	533
325	638
325	652
325	687
325	782
325	910
326	213
326	231
326	376
326	424
326	563
326	590
326	643
326	871
326	898
326	944
327	34
327	74
327	193
327	220
327	378
327	562
327	651
327	694
327	874
327	967
328	18
328	42
328	146
328	238
328	292
328	480
328	727
328	841
328	859
328	991
329	74
329	76
329	304
329	342
329	428
329	429
329	766
329	870
329	918
329	973
330	99
330	208
330	406
330	554
330	615
330	656
330	795
330	856
330	859
330	934
331	220
331	244
331	465
331	511
331	549
331	560
331	605
331	849
331	890
331	998
332	71
332	214
332	411
332	502
332	534
332	564
332	715
332	802
332	904
332	926
333	46
333	64
333	129
333	318
333	445
333	692
333	834
333	923
333	932
333	945
334	100
334	119
334	129
334	182
334	256
334	300
334	317
334	567
334	702
334	790
335	10
335	202
335	289
335	312
335	425
335	629
335	631
335	701
335	799
335	869
336	18
336	20
336	87
336	370
336	372
336	470
336	595
336	641
336	691
336	854
337	85
337	244
337	429
337	468
337	565
337	606
337	610
337	720
337	772
337	967
338	24
338	142
338	295
338	321
338	385
338	386
338	535
338	587
338	941
338	963
339	308
339	388
339	444
339	614
339	664
339	710
339	738
339	750
339	813
339	883
340	98
340	136
340	428
340	543
340	642
340	650
340	730
340	934
340	946
340	966
341	229
341	260
341	472
341	626
341	791
341	866
341	941
341	942
341	954
341	969
342	155
342	205
342	221
342	329
342	570
342	606
342	766
342	818
342	856
342	1000
343	30
343	32
343	90
343	580
343	727
343	733
343	838
343	843
343	948
343	975
344	207
344	361
344	377
344	491
344	654
344	823
344	894
344	905
344	963
344	977
345	53
345	189
345	407
345	502
345	604
345	649
345	671
345	761
345	926
345	933
346	157
346	233
346	286
346	324
346	623
346	741
346	776
346	827
346	978
346	985
347	190
347	216
347	218
347	447
347	629
347	637
347	676
347	754
347	816
347	896
348	54
348	232
348	358
348	375
348	401
348	510
348	747
348	859
348	957
348	991
349	14
349	66
349	80
349	267
349	369
349	532
349	539
349	726
349	888
349	955
350	101
350	183
350	237
350	356
350	365
350	713
350	725
350	936
350	964
350	992
351	2
351	246
351	620
351	627
351	640
351	689
351	769
351	876
351	936
351	969
352	10
352	181
352	254
352	407
352	619
352	628
352	708
352	775
352	815
352	994
353	55
353	147
353	212
353	321
353	388
353	518
353	604
353	734
353	747
353	822
354	229
354	266
354	396
354	455
354	468
354	472
354	482
354	535
354	671
354	779
355	38
355	71
355	125
355	247
355	361
355	491
355	525
355	640
355	823
355	952
356	98
356	183
356	250
356	272
356	310
356	350
356	443
356	725
356	730
356	936
357	79
357	158
357	235
357	254
357	452
357	469
357	486
357	614
357	968
357	984
358	18
358	31
358	208
358	348
358	372
358	713
358	825
358	877
358	889
358	955
359	43
359	220
359	240
359	245
359	303
359	561
359	589
359	597
359	608
359	907
360	225
360	303
360	379
360	413
360	636
360	652
360	673
360	721
360	907
360	979
361	33
361	274
361	344
361	355
361	532
361	599
361	651
361	666
361	717
361	981
362	71
362	160
362	238
362	288
362	398
362	649
362	714
362	777
362	817
362	917
363	158
363	175
363	283
363	313
363	694
363	752
363	759
363	834
363	950
363	955
364	15
364	91
364	180
364	187
364	387
364	585
364	613
364	668
364	745
364	935
365	60
365	73
365	108
365	245
365	350
365	417
365	540
365	928
365	941
365	989
366	388
366	531
366	587
366	753
366	781
366	791
366	814
366	822
366	851
366	928
367	107
367	252
367	274
367	693
367	832
367	848
367	929
367	963
367	974
367	993
368	24
368	310
368	453
368	556
368	616
368	701
368	711
368	829
368	903
368	915
369	24
369	82
369	349
369	535
369	630
369	720
369	776
369	832
369	931
369	995
370	31
370	87
370	91
370	336
370	401
370	414
370	429
370	480
370	859
370	877
371	115
371	189
371	235
371	254
371	307
371	434
371	472
371	649
371	714
371	972
372	31
372	54
372	76
372	138
372	322
372	336
372	358
372	592
372	713
372	822
373	34
373	116
373	560
373	610
373	642
373	658
373	672
373	856
373	970
373	986
374	11
374	124
374	303
374	400
374	431
374	457
374	482
374	584
374	611
374	914
375	130
375	306
375	348
375	460
375	465
375	490
375	591
375	893
375	910
375	923
376	31
376	118
376	191
376	326
376	417
376	547
376	607
376	643
376	944
376	949
377	82
377	173
377	344
377	418
377	566
377	581
377	762
377	880
377	902
377	990
378	220
378	285
378	327
378	544
378	676
378	685
378	774
378	794
378	812
378	961
379	5
379	43
379	139
379	240
379	360
379	399
379	492
379	493
379	586
379	816
380	64
380	89
380	265
380	464
380	491
380	619
380	690
380	697
380	770
380	932
381	281
381	458
381	472
381	496
381	498
381	535
381	671
381	753
381	827
381	911
382	26
382	81
382	160
382	258
382	484
382	498
382	587
382	665
382	842
382	917
383	142
383	387
383	389
383	412
383	444
383	750
383	828
383	864
383	943
383	984
384	45
384	172
384	200
384	242
384	281
384	461
384	521
384	618
384	646
384	796
385	51
385	68
385	141
385	186
385	302
385	338
385	451
385	499
385	834
385	960
386	229
386	295
386	338
386	572
386	633
386	784
386	812
386	892
386	942
386	996
387	37
387	157
387	277
387	280
387	284
387	364
387	383
387	390
387	727
387	738
388	39
388	339
388	353
388	366
388	526
388	645
388	779
388	836
388	866
388	983
389	104
389	222
389	262
389	383
389	411
389	434
389	553
389	835
389	895
389	951
390	72
390	116
390	244
390	304
390	387
390	429
390	563
390	565
390	705
390	973
391	237
391	289
391	520
391	548
391	561
391	641
391	673
391	930
391	979
391	997
392	4
392	69
392	138
392	404
392	471
392	526
392	672
392	697
392	704
392	831
393	57
393	105
393	134
393	168
393	200
393	653
393	697
393	759
393	971
393	984
394	32
394	277
394	507
394	530
394	582
394	614
394	740
394	796
394	895
394	918
395	110
395	297
395	315
395	502
395	504
395	527
395	622
395	628
395	777
395	842
396	1
396	90
396	323
396	354
396	575
396	618
396	710
396	843
396	852
396	911
397	137
397	200
397	242
397	250
397	264
397	280
397	454
397	469
397	653
397	978
398	6
398	7
398	362
398	534
398	538
398	571
398	604
398	622
398	878
398	889
399	37
399	43
399	379
399	475
399	514
399	528
399	637
399	700
399	737
399	816
400	54
400	164
400	166
400	374
400	406
400	512
400	554
400	641
400	737
400	788
401	138
401	290
401	292
401	348
401	370
401	510
401	602
401	713
401	914
401	999
402	54
402	57
402	72
402	118
402	120
402	429
402	552
402	707
402	732
402	857
403	10
403	17
403	37
403	218
403	289
403	717
403	860
403	861
403	880
403	913
404	145
404	245
404	286
404	316
404	392
404	540
404	544
404	675
404	742
404	881
405	7
405	47
405	116
405	288
405	487
405	539
405	646
405	721
405	774
405	986
406	42
406	63
406	65
406	70
406	322
406	330
406	400
406	602
406	698
406	879
407	110
407	241
407	264
407	345
407	352
407	434
407	504
407	596
407	850
407	867
408	129
408	279
408	317
408	473
408	638
408	682
408	754
408	817
408	919
408	927
409	149
409	179
409	611
409	640
409	647
409	717
409	724
409	832
409	931
409	969
410	12
410	106
410	132
410	152
410	183
410	195
410	737
410	855
410	894
410	964
411	105
411	175
411	332
411	389
411	420
411	613
411	659
411	793
411	835
411	956
412	210
412	250
412	320
412	325
412	383
412	460
412	533
412	619
412	919
412	920
413	170
413	232
413	273
413	289
413	312
413	360
413	520
413	670
413	688
413	785
414	42
414	208
414	238
414	370
414	573
414	627
414	656
414	755
414	819
414	877
415	58
415	92
415	100
415	182
415	435
415	464
415	743
415	854
415	893
415	945
416	77
416	95
416	170
416	207
416	215
416	221
416	448
416	486
416	654
416	801
417	60
417	108
417	123
417	365
417	376
417	483
417	610
417	672
417	675
417	891
418	136
418	143
418	163
418	187
418	246
418	272
418	377
418	764
418	769
418	936
419	97
419	240
419	495
419	586
419	605
419	631
419	683
419	830
419	860
419	869
420	91
420	180
420	411
420	430
420	482
420	582
420	813
420	843
420	851
420	926
421	155
421	170
421	269
421	560
421	579
421	593
421	636
421	887
421	947
421	961
422	38
422	41
422	91
422	93
422	133
422	312
422	639
422	762
422	801
422	818
423	111
423	292
423	426
423	442
423	554
423	641
423	770
423	799
423	892
423	980
424	36
424	69
424	177
424	291
424	326
424	537
424	590
424	675
424	679
424	807
425	5
425	92
425	289
425	335
425	447
425	479
425	481
425	735
425	830
425	942
426	238
426	252
426	423
426	481
426	618
426	698
426	877
426	889
426	957
426	991
427	114
427	240
427	463
427	566
427	581
427	722
427	818
427	867
427	962
427	993
428	50
428	98
428	167
428	199
428	296
428	329
428	340
428	615
428	645
428	721
429	224
429	329
429	337
429	370
429	390
429	402
429	723
429	764
429	922
429	986
430	44
430	75
430	222
430	268
430	283
430	319
430	420
430	780
430	876
430	883
431	48
431	78
431	124
431	203
431	374
431	432
431	457
431	569
431	858
431	887
432	11
432	239
432	253
432	315
432	431
432	503
432	569
432	611
432	674
432	915
433	16
433	25
433	44
433	83
433	209
433	557
433	581
433	588
433	779
433	995
434	73
434	371
434	389
434	407
434	461
434	592
434	600
434	736
434	777
434	802
435	38
435	179
435	224
435	281
435	282
435	415
435	532
435	655
435	846
435	921
436	22
436	29
436	125
436	129
436	280
436	314
436	488
436	577
436	837
436	974
437	40
437	67
437	103
437	244
437	304
437	468
437	707
437	809
437	826
437	986
438	80
438	93
438	188
438	314
438	494
438	544
438	575
438	612
438	639
438	900
439	39
439	63
439	141
439	145
439	147
439	181
439	286
439	521
439	646
439	969
440	63
440	212
440	260
440	458
440	526
440	545
440	691
440	763
440	866
440	885
441	139
441	185
441	210
441	564
441	576
441	679
441	718
441	839
441	878
441	924
442	34
442	255
442	423
442	610
442	658
442	687
442	789
442	857
442	884
442	947
443	356
443	508
443	536
443	574
443	615
443	645
443	650
443	752
443	987
443	988
444	109
444	142
444	156
444	197
444	339
444	383
444	684
444	835
444	927
444	951
445	42
445	106
445	279
445	318
445	333
445	551
445	589
445	749
445	790
445	927
446	450
446	484
446	504
446	546
446	622
446	748
446	871
446	904
446	972
446	982
447	170
447	312
447	347
447	425
447	475
447	625
447	627
447	702
447	735
447	872
448	67
448	107
448	221
448	247
448	416
448	497
448	626
448	682
448	898
448	981
449	29
449	109
449	207
449	249
449	456
449	640
449	720
449	871
449	900
449	931
450	119
450	129
450	325
450	446
450	477
450	487
450	511
450	690
450	770
450	919
451	226
451	385
451	459
451	496
451	505
451	536
451	956
451	964
451	983
451	996
452	122
452	134
452	277
452	313
452	357
452	595
452	681
452	715
452	932
452	971
453	206
453	368
453	457
453	501
453	517
453	581
453	662
453	667
453	914
453	939
454	105
454	188
454	280
454	397
454	522
454	745
454	773
454	813
454	849
454	958
455	28
455	301
455	354
455	472
455	575
455	686
455	791
455	822
455	960
455	980
456	16
456	96
456	294
456	449
456	557
456	578
456	867
456	880
456	938
456	960
457	56
457	263
457	284
457	310
457	374
457	431
457	453
457	542
457	635
457	701
458	172
458	178
458	323
458	381
458	440
458	518
458	541
458	648
458	686
458	836
459	15
459	68
459	113
459	198
459	219
459	451
459	566
459	756
459	781
459	836
460	55
460	64
460	210
460	317
460	375
460	412
460	525
460	533
460	749
460	925
461	71
461	115
461	160
461	254
461	323
461	384
461	434
461	504
461	594
461	715
462	35
462	130
462	132
462	143
462	163
462	246
462	251
462	474
462	508
462	623
463	153
463	236
463	289
463	314
463	427
463	500
463	509
463	599
463	647
463	867
464	87
464	106
464	119
464	318
464	380
464	415
464	490
464	644
464	749
464	807
465	72
465	205
465	331
465	375
465	549
465	630
465	848
465	856
465	947
465	986
466	8
466	183
466	195
466	237
466	246
466	474
466	526
466	679
466	769
466	786
467	193
467	282
467	478
467	548
467	579
467	593
467	606
467	805
467	844
467	970
468	103
468	337
468	354
468	437
468	476
468	555
468	707
468	833
468	922
468	973
469	201
469	357
469	397
469	623
469	664
469	715
469	838
469	940
469	958
469	968
470	20
470	30
470	111
470	232
470	336
470	677
470	716
470	758
470	819
470	902
471	191
471	213
471	392
471	559
471	607
471	643
471	650
471	839
471	928
471	949
472	55
472	341
472	354
472	371
472	381
472	455
472	671
472	790
472	796
472	852
473	210
473	408
473	551
473	678
473	687
473	749
473	893
473	915
473	925
473	945
474	8
474	33
474	101
474	237
474	462
474	466
474	763
474	769
474	863
474	964
475	202
475	261
475	399
475	447
475	586
475	613
475	700
475	861
475	869
475	974
476	213
476	275
476	316
476	468
476	500
476	643
476	742
476	831
476	882
476	944
477	83
477	228
477	265
477	450
477	728
477	743
477	754
477	807
477	923
477	945
478	87
478	116
478	249
478	270
478	467
478	560
478	655
478	732
478	844
478	874
479	145
479	211
479	425
479	561
479	589
479	637
479	657
479	688
479	825
479	930
480	18
480	31
480	138
480	232
480	328
480	370
480	486
480	596
480	758
480	795
481	17
481	65
481	111
481	297
481	425
481	426
481	799
481	877
481	980
481	991
482	3
482	176
482	203
482	315
482	354
482	374
482	420
482	635
482	782
482	829
483	78
483	259
483	260
483	287
483	302
483	417
483	494
483	722
483	784
483	996
484	382
484	446
484	498
484	502
484	576
484	592
484	636
484	708
484	767
484	926
485	61
485	76
485	77
485	82
485	163
485	209
485	282
485	778
485	974
485	990
486	175
486	357
486	416
486	480
486	507
486	585
486	661
486	678
486	806
486	950
487	120
487	244
487	248
487	304
487	405
487	450
487	794
487	810
487	890
487	1000
488	436
488	497
488	532
488	545
488	581
488	760
488	763
488	767
488	890
488	962
489	75
489	122
489	516
489	678
489	745
489	750
489	759
489	806
489	838
489	965
490	58
490	100
490	106
490	130
490	250
490	375
490	464
490	532
490	790
490	882
491	33
491	41
491	153
491	155
491	224
491	344
491	355
491	380
491	724
491	990
492	47
492	155
492	205
492	379
492	605
492	606
492	766
492	833
492	935
492	961
493	43
493	113
493	130
493	379
493	673
493	825
493	907
493	913
493	975
493	977
494	15
494	94
494	242
494	301
494	438
494	483
494	526
494	553
494	796
494	942
495	48
495	261
495	419
495	509
495	561
495	586
495	644
495	670
495	725
495	861
496	1
496	75
496	113
496	214
496	381
496	451
496	537
496	686
496	695
496	699
497	126
497	149
497	224
497	243
497	448
497	488
497	647
497	712
497	768
497	821
498	53
498	71
498	381
498	382
498	484
498	504
498	534
498	718
498	839
498	894
499	147
499	214
499	229
499	270
499	281
499	385
499	542
499	722
499	753
499	866
500	23
500	62
500	82
500	93
500	126
500	463
500	476
500	569
500	846
500	993
501	97
501	453
501	542
501	556
501	624
501	783
501	797
501	858
501	903
501	915
502	146
502	332
502	345
502	395
502	484
502	553
502	637
502	862
502	878
502	965
503	141
503	204
503	233
503	432
503	531
503	618
503	695
503	751
503	911
503	996
504	115
504	128
504	152
504	395
504	407
504	446
504	461
504	498
504	718
504	981
505	94
505	135
505	451
505	531
505	594
505	618
505	733
505	814
505	838
505	969
506	595
506	663
506	719
506	727
506	780
506	843
506	865
506	916
506	976
506	978
507	28
507	178
507	184
507	264
507	394
507	486
507	684
507	815
507	865
507	985
508	122
508	251
508	443
508	462
508	638
508	642
508	752
508	863
508	966
508	992
509	165
509	202
509	261
509	312
509	463
509	495
509	514
509	597
509	673
509	700
510	99
510	225
510	297
510	348
510	401
510	677
510	758
510	780
510	788
510	889
511	58
511	331
511	450
511	618
511	728
511	743
511	754
511	893
511	920
511	923
512	11
512	82
512	97
512	124
512	263
512	400
512	517
512	584
512	662
512	849
513	64
513	66
513	90
513	184
513	262
513	806
513	847
513	906
513	909
513	951
514	149
514	218
514	240
514	254
514	399
514	509
514	598
514	816
514	913
514	979
515	48
515	516
515	548
515	568
515	586
515	746
515	824
515	825
515	861
515	979
516	218
516	489
516	515
516	520
516	643
516	673
516	875
516	908
516	930
516	977
517	239
517	453
517	512
517	539
517	584
517	601
517	701
517	750
517	849
517	903
518	208
518	214
518	271
518	278
518	353
518	458
518	545
518	724
518	756
518	836
519	47
519	252
519	255
519	588
519	605
519	636
519	766
519	789
519	922
519	973
520	17
520	171
520	391
520	413
520	516
520	683
520	688
520	785
520	915
520	930
521	54
521	178
521	321
521	384
521	439
521	621
521	646
521	686
521	716
521	814
522	27
522	32
522	59
522	235
522	283
522	454
522	586
522	780
522	948
522	955
523	18
523	31
523	76
523	164
523	167
523	691
523	739
523	820
523	892
523	957
524	25
524	92
524	197
524	217
524	268
524	614
524	664
524	780
524	955
524	968
525	88
525	141
525	154
525	355
525	460
525	566
525	824
525	837
525	888
525	981
526	45
526	127
526	271
526	388
526	392
526	440
526	466
526	494
526	531
526	695
527	162
527	395
527	625
527	679
527	714
527	817
527	832
527	862
527	925
527	994
528	131
528	144
528	176
528	310
528	315
528	399
528	584
528	601
528	644
528	858
529	50
529	121
529	163
529	270
529	574
529	645
529	666
529	689
529	894
529	929
530	171
530	180
530	227
530	394
530	642
530	659
530	668
530	682
530	883
530	986
531	134
531	366
531	503
531	505
531	526
531	686
531	716
531	751
531	872
531	941
532	40
532	151
532	349
532	361
532	435
532	488
532	490
532	544
532	614
532	762
533	182
533	250
533	279
533	293
533	325
533	412
533	460
533	635
533	743
533	936
534	53
534	169
534	332
534	398
534	498
534	604
534	625
534	651
534	665
534	760
535	182
535	186
535	338
535	354
535	369
535	381
535	572
535	747
535	781
535	983
536	78
536	147
536	443
536	451
536	564
536	617
536	669
536	671
536	756
536	796
537	123
537	223
537	275
537	424
537	496
537	540
537	616
537	706
537	825
537	891
538	128
538	139
538	185
538	254
538	398
538	632
538	665
538	788
538	917
538	987
539	269
539	285
539	349
539	405
539	517
539	555
539	609
539	658
539	857
539	961
540	145
540	148
540	290
540	365
540	404
540	537
540	881
540	893
540	949
540	954
541	64
541	89
541	100
541	106
541	317
541	458
541	567
541	749
541	869
541	920
542	3
542	101
542	124
542	457
542	499
542	501
542	556
542	569
542	829
542	849
543	101
543	132
543	152
543	163
543	196
543	340
543	578
543	730
543	782
543	845
544	165
544	219
544	378
544	404
544	438
544	532
544	776
544	824
544	888
544	938
545	141
545	204
545	212
545	440
545	488
545	518
545	575
545	746
545	911
545	928
546	26
546	117
546	291
546	446
546	596
546	600
546	649
546	708
546	816
546	850
547	106
547	130
547	376
547	591
547	638
547	807
547	809
547	811
547	932
547	958
548	192
548	196
548	391
548	467
548	515
548	673
548	742
548	860
548	875
548	939
549	161
549	180
549	331
549	465
549	694
549	761
549	857
549	884
549	922
549	949
550	67
550	190
550	269
550	565
550	636
550	705
550	801
550	848
550	857
550	874
551	43
551	279
551	300
551	445
551	473
551	723
551	728
551	807
551	854
551	932
552	131
552	249
552	255
552	402
552	707
552	812
552	820
552	857
552	874
552	908
553	6
553	110
553	162
553	307
553	389
553	494
553	502
553	708
553	718
553	904
554	292
554	330
554	400
554	423
554	660
554	774
554	788
554	879
554	892
554	991
555	70
555	74
555	103
555	111
555	268
555	468
555	539
555	707
555	868
555	874
556	27
556	143
556	230
556	368
556	501
556	542
556	782
556	810
556	887
556	926
557	25
557	173
557	274
557	323
557	433
557	456
557	793
557	890
557	931
557	995
558	104
558	137
558	234
558	298
558	308
558	675
558	813
558	819
558	883
558	951
559	43
559	69
559	77
559	145
559	174
559	177
559	471
559	703
559	882
559	928
560	304
560	331
560	373
560	421
560	478
560	639
560	764
560	826
560	856
560	999
561	79
561	261
561	359
561	391
561	479
561	495
561	597
561	860
561	875
561	885
562	50
562	98
562	121
562	163
562	327
562	574
562	645
562	687
562	786
562	894
563	108
563	174
563	223
563	316
563	326
563	390
563	616
563	672
563	779
563	952
564	332
564	441
564	536
564	594
564	628
564	679
564	870
564	904
564	972
564	994
565	51
565	171
565	304
565	337
565	390
565	550
565	636
565	739
565	766
565	880
566	38
566	179
566	317
566	377
566	427
566	459
566	525
566	776
566	800
566	993
567	204
567	240
567	293
567	334
567	541
567	619
567	754
567	804
567	811
567	925
568	10
568	17
568	100
568	190
568	275
568	515
568	860
568	875
568	908
568	946
569	27
569	97
569	183
569	431
569	432
569	500
569	542
569	634
569	667
569	701
570	34
570	84
570	161
570	209
570	342
570	794
570	805
570	884
570	899
570	931
571	139
571	151
571	248
571	258
571	320
571	398
571	594
571	665
571	802
571	871
572	15
572	214
572	243
572	259
572	294
572	386
572	535
572	722
572	746
572	757
573	111
573	166
573	235
573	322
573	414
573	631
573	677
573	737
573	783
573	934
574	59
574	163
574	167
574	246
574	443
574	529
574	562
574	627
574	752
574	947
575	135
575	255
575	259
575	396
575	438
575	455
575	545
575	587
575	722
575	808
576	16
576	174
576	181
576	189
576	441
576	484
576	604
576	628
576	815
576	850
577	25
577	33
577	294
577	299
577	436
577	583
577	648
577	692
577	763
577	824
578	2
578	8
578	46
578	52
578	132
578	456
578	543
578	650
578	666
578	863
579	12
579	421
579	467
579	685
579	739
579	764
579	774
579	827
579	833
579	947
580	222
580	278
580	343
580	653
580	710
580	765
580	806
580	955
580	984
580	985
581	173
581	377
581	427
581	433
581	453
581	488
581	647
581	660
581	724
581	984
582	264
582	308
582	324
582	394
582	420
582	613
582	656
582	813
582	815
582	958
583	175
583	200
583	268
583	313
583	318
583	577
583	780
583	835
583	948
583	985
584	27
584	88
584	97
584	316
584	374
584	512
584	517
584	528
584	667
584	914
585	30
585	197
585	287
585	364
585	486
585	611
585	623
585	663
585	851
585	982
586	379
586	419
586	475
586	495
586	515
586	522
586	631
586	670
586	816
586	905
587	51
587	229
587	242
587	260
587	302
587	338
587	366
587	382
587	575
587	710
588	40
588	165
588	207
588	433
588	519
588	622
588	762
588	800
588	837
588	888
589	192
589	240
589	359
589	445
589	479
589	676
589	700
589	785
589	946
589	1000
590	123
590	231
590	239
590	275
590	326
590	424
590	650
590	703
590	840
590	928
591	46
591	58
591	100
591	104
591	375
591	547
591	607
591	743
591	809
591	925
592	110
592	115
592	189
592	372
592	434
592	484
592	596
592	777
592	817
592	883
593	122
593	193
593	199
593	248
593	257
593	421
593	467
593	732
593	868
593	998
594	181
594	461
594	505
594	564
594	571
594	651
594	715
594	736
594	878
594	995
595	149
595	233
595	268
595	336
595	452
595	506
595	653
595	828
595	948
595	968
596	6
596	80
596	117
596	162
596	241
596	254
596	407
596	480
596	546
596	592
597	10
597	114
597	196
597	211
597	216
597	359
597	509
597	561
597	700
597	893
598	9
598	92
598	218
598	225
598	246
598	514
598	631
598	702
598	875
598	908
599	14
599	62
599	80
599	159
599	224
599	361
599	463
599	724
599	831
599	873
600	6
600	53
600	231
600	434
600	546
600	715
600	736
600	777
600	954
600	972
601	11
601	315
601	517
601	528
601	603
601	629
601	787
601	810
601	858
601	961
602	20
602	54
602	322
602	401
602	406
602	617
602	656
602	709
602	713
602	758
603	13
603	19
603	239
603	601
603	635
603	662
603	703
603	782
603	841
603	849
604	199
604	345
604	353
604	398
604	534
604	576
604	665
604	718
604	748
604	802
605	74
605	103
605	192
605	288
605	331
605	419
605	492
605	519
605	844
605	899
606	85
606	337
606	342
606	467
606	492
606	686
606	698
606	764
606	884
606	998
607	81
607	213
607	291
607	376
607	471
607	591
607	616
607	697
607	706
607	841
608	196
608	202
608	301
608	312
608	359
608	730
608	860
608	913
608	939
608	997
609	74
609	131
609	143
609	161
609	304
609	539
609	661
609	794
609	821
609	1000
610	52
610	57
610	337
610	373
610	417
610	442
610	774
610	821
610	870
610	970
611	11
611	374
611	409
611	432
611	585
611	662
611	674
611	782
611	829
611	853
612	23
612	151
612	191
612	201
612	252
612	282
612	438
612	763
612	807
612	921
613	105
613	146
613	194
613	364
613	411
613	475
613	582
613	682
613	927
613	971
614	28
614	194
614	276
614	339
614	357
614	394
614	524
614	532
614	708
614	755
615	35
615	136
615	330
615	428
615	443
615	620
615	725
615	752
615	936
615	989
616	36
616	145
616	319
616	368
616	537
616	563
616	607
616	778
616	944
616	954
617	15
617	214
617	242
617	301
617	536
617	602
617	668
617	699
617	942
617	996
618	15
618	68
618	271
618	286
618	384
618	396
618	426
618	503
618	505
618	511
619	293
619	300
619	352
619	380
619	412
619	567
619	740
619	790
619	811
619	932
620	50
620	136
620	187
620	212
620	272
620	309
620	351
620	615
620	723
620	863
621	28
621	122
621	140
621	227
621	234
621	521
621	673
621	684
621	828
621	940
622	6
622	47
622	395
622	398
622	446
622	588
622	679
622	734
622	775
622	871
623	137
623	197
623	227
623	346
623	462
623	469
623	585
623	733
623	740
623	828
624	184
624	194
624	245
624	501
624	741
624	765
624	838
624	843
624	909
624	968
625	71
625	160
625	447
625	527
625	534
625	714
625	748
625	771
625	815
625	871
626	133
626	165
626	173
626	201
626	207
626	278
626	341
626	448
626	768
626	897
627	101
627	102
627	199
627	309
627	351
627	414
627	447
627	574
627	689
627	992
628	3
628	262
628	307
628	352
628	395
628	564
628	576
628	734
628	933
628	972
629	5
629	37
629	129
629	228
629	335
629	347
629	601
629	652
629	861
629	977
630	29
630	153
630	273
630	282
630	296
630	314
630	369
630	465
630	704
630	726
631	121
631	216
631	303
631	335
631	419
631	573
631	586
631	598
631	652
631	696
632	126
632	181
632	185
632	258
632	538
632	651
632	693
632	736
632	831
632	994
633	78
633	135
633	216
633	386
633	716
633	722
633	781
633	846
633	911
633	960
634	3
634	97
634	569
634	712
634	801
634	853
634	858
634	897
634	903
634	914
635	3
635	144
635	263
635	457
635	482
635	533
635	603
635	658
635	712
635	914
636	47
636	67
636	360
636	421
636	484
636	519
636	550
636	565
636	723
636	967
637	17
637	37
637	101
637	211
637	303
637	347
637	399
637	479
637	502
637	676
638	106
638	210
638	325
638	408
638	508
638	547
638	687
638	868
638	920
638	923
639	114
639	422
639	438
639	560
639	655
639	709
639	738
639	801
639	880
639	900
640	16
640	83
640	142
640	267
640	351
640	355
640	409
640	449
640	864
640	912
641	138
641	164
641	336
641	391
641	400
641	423
641	795
641	799
641	881
641	957
642	121
642	199
642	340
642	373
642	508
642	530
642	803
642	863
642	894
642	992
643	4
643	73
643	108
643	134
643	326
643	376
643	471
643	476
643	516
643	891
644	11
644	124
644	144
644	203
644	464
644	495
644	528
644	674
644	701
644	887
645	121
645	246
645	388
645	428
645	443
645	529
645	562
645	725
645	769
645	824
646	148
646	204
646	278
646	281
646	384
646	405
646	439
646	521
646	733
646	906
647	14
647	282
647	409
647	463
647	497
647	581
647	748
647	766
647	837
647	846
648	40
648	41
648	86
648	116
648	153
648	209
648	458
648	577
648	888
648	962
649	93
649	137
649	160
649	345
649	362
649	371
649	546
649	693
649	817
649	839
650	121
650	195
650	309
650	340
650	443
650	471
650	578
650	590
650	876
650	987
651	307
651	327
651	361
651	534
651	594
651	632
651	842
651	862
651	871
651	917
652	152
652	240
652	325
652	360
652	629
652	631
652	744
652	785
652	825
652	975
653	217
653	266
653	393
653	397
653	580
653	595
653	664
653	676
653	828
653	948
654	94
654	256
654	267
654	344
654	416
654	726
654	751
654	897
654	931
654	963
655	66
655	83
655	109
655	125
655	139
655	305
655	435
655	478
655	639
655	864
656	65
656	206
656	232
656	330
656	414
656	582
656	602
656	692
656	841
656	879
657	32
657	171
657	211
657	268
657	283
657	479
657	738
657	740
657	773
657	916
658	70
658	373
658	442
658	539
658	635
658	707
658	784
658	789
658	857
658	868
659	122
659	124
659	184
659	194
659	197
659	411
659	530
659	681
659	906
659	996
660	86
660	114
660	224
660	256
660	299
660	554
660	581
660	709
660	795
660	990
661	96
661	233
661	276
661	486
661	609
661	668
661	681
661	828
661	847
661	851
662	124
662	206
662	453
662	512
662	603
662	611
662	782
662	787
662	874
662	967
663	219
663	252
663	506
663	585
663	767
663	867
663	897
663	898
663	924
663	974
664	75
664	197
664	307
664	339
664	469
664	524
664	653
664	669
664	678
664	984
665	6
665	139
665	382
665	534
665	538
665	571
665	604
665	768
665	842
665	899
666	136
666	183
666	237
666	304
666	361
666	529
666	578
666	876
666	894
666	966
667	19
667	280
667	315
667	453
667	569
667	584
667	674
667	701
667	887
667	889
668	21
668	157
668	175
668	364
668	530
668	617
668	661
668	719
668	736
668	827
669	141
669	279
669	286
669	302
669	536
669	664
669	756
669	792
669	808
669	983
670	43
670	110
670	413
670	495
670	586
670	744
670	777
670	825
670	830
670	975
671	13
671	253
671	345
671	354
671	381
671	472
671	536
671	710
671	751
671	836
672	174
672	231
672	245
672	307
672	373
672	392
672	417
672	563
672	697
672	882
673	39
673	289
673	360
673	391
673	493
673	509
673	516
673	548
673	621
673	702
674	13
674	195
674	432
674	611
674	644
674	667
674	711
674	798
674	887
674	907
675	81
675	123
675	174
675	245
675	316
675	404
675	417
675	424
675	558
675	921
676	261
676	347
676	378
676	589
676	637
676	653
676	683
676	702
676	744
676	830
677	19
677	111
677	208
677	320
677	470
677	510
677	573
677	698
677	788
677	892
678	156
678	222
678	473
678	486
678	489
678	664
678	764
678	838
678	865
678	935
679	128
679	139
679	424
679	441
679	466
679	527
679	564
679	622
679	736
679	994
680	173
680	236
680	243
680	299
680	800
680	813
680	962
680	980
680	981
680	988
681	42
681	177
681	217
681	452
681	659
681	661
681	727
681	750
681	765
681	901
682	21
682	180
682	276
682	408
682	448
682	530
682	613
682	834
682	943
682	950
683	10
683	95
683	192
683	228
683	259
683	261
683	419
683	520
683	676
683	816
684	280
684	444
684	507
684	621
684	741
684	780
684	843
684	854
684	971
684	993
685	52
685	67
685	93
685	103
685	378
685	579
685	723
685	848
685	953
685	998
686	78
686	455
686	458
686	496
686	521
686	531
686	606
686	784
686	792
686	809
687	46
687	300
687	325
687	442
687	473
687	562
687	638
687	690
687	854
687	910
688	37
688	90
688	92
688	207
688	216
688	303
688	413
688	479
688	520
688	869
689	61
689	102
689	121
689	160
689	183
689	351
689	529
689	627
689	886
689	987
690	13
690	64
690	106
690	169
690	182
690	265
690	380
690	450
690	687
690	728
691	76
691	138
691	154
691	311
691	336
691	440
691	523
691	692
691	783
691	859
692	99
692	138
692	232
692	311
692	333
692	577
692	656
692	691
692	892
692	991
693	110
693	162
693	320
693	367
693	632
693	649
693	736
693	815
693	842
693	973
694	120
694	248
694	255
694	327
694	363
694	549
694	789
694	829
694	868
694	986
695	49
695	204
695	496
695	503
695	526
695	751
695	757
695	866
695	874
695	999
696	190
696	196
696	211
696	276
696	631
696	700
696	816
696	862
696	930
696	977
697	60
697	81
697	150
697	174
697	380
697	392
697	393
697	607
697	672
697	989
698	238
698	406
698	426
698	606
698	677
698	758
698	820
698	841
698	889
698	899
699	14
699	78
699	205
699	212
699	266
699	281
699	496
699	617
699	792
699	814
700	116
700	124
700	261
700	399
700	475
700	509
700	589
700	597
700	696
700	816
701	19
701	335
701	368
701	457
701	517
701	569
701	644
701	667
701	849
701	852
702	202
702	303
702	334
702	447
702	598
702	673
702	676
702	825
702	930
702	978
703	81
703	177
703	231
703	559
703	590
703	603
703	704
703	773
703	831
703	840
704	69
704	81
704	223
704	392
704	630
704	703
704	742
704	757
704	831
704	891
705	7
705	57
705	179
705	249
705	390
705	550
705	787
705	789
705	844
705	970
706	36
706	118
706	291
706	319
706	537
706	607
706	711
706	742
706	840
706	916
707	120
707	188
707	402
707	437
707	468
707	552
707	555
707	658
707	991
707	998
708	241
708	254
708	308
708	352
708	484
708	546
708	553
708	614
708	715
708	917
709	38
709	149
709	282
709	299
709	313
709	602
709	639
709	660
709	778
709	832
710	127
710	278
710	321
710	339
710	396
710	580
710	587
710	671
710	757
710	836
711	3
711	70
711	230
711	368
711	674
711	706
711	787
711	853
711	914
711	915
712	9
712	11
712	230
712	263
712	497
712	634
712	635
712	798
712	810
712	903
713	76
713	99
713	271
713	350
713	358
713	372
713	401
713	602
713	783
713	999
714	162
714	362
714	371
714	527
714	625
714	748
714	775
714	794
714	965
714	990
715	53
715	115
715	332
715	452
715	461
715	469
715	594
715	600
715	708
715	802
716	55
716	148
716	271
716	470
716	521
716	531
716	633
716	779
716	865
716	911
717	3
717	88
717	267
717	299
717	314
717	361
717	403
717	409
717	974
717	988
718	117
718	441
718	498
718	504
718	553
718	604
718	748
718	839
718	947
718	968
719	276
719	280
719	298
719	308
719	506
719	668
719	739
719	740
719	956
719	957
720	72
720	86
720	88
720	188
720	337
720	369
720	449
720	801
720	818
720	937
721	2
721	136
721	360
721	405
721	428
721	731
721	769
721	855
721	863
721	886
722	1
722	68
722	427
722	483
722	499
722	572
722	575
722	633
722	835
722	996
723	51
723	70
723	85
723	429
723	551
723	620
723	636
723	685
723	729
723	833
724	22
724	77
724	179
724	274
724	409
724	491
724	518
724	581
724	599
724	891
725	163
725	185
725	350
725	356
725	495
725	615
725	645
725	752
725	786
725	936
726	80
726	174
726	247
726	349
726	630
726	654
726	783
726	793
726	801
726	929
727	180
727	328
727	343
727	387
727	506
727	681
727	814
727	940
727	943
727	978
728	46
728	130
728	218
728	293
728	477
728	511
728	551
728	690
728	811
728	906
729	7
729	21
729	84
729	131
729	205
729	248
729	723
729	797
729	821
729	953
730	8
730	167
730	199
730	251
730	340
730	356
730	543
730	608
730	753
730	855
731	101
731	187
731	195
731	721
731	774
731	876
731	936
731	966
731	970
731	987
732	60
732	74
732	402
732	478
732	593
732	764
732	789
732	795
732	884
732	967
733	55
733	242
733	343
733	505
733	623
733	646
733	747
733	753
733	792
733	996
734	128
734	353
734	622
734	628
734	817
734	850
734	871
734	876
734	917
734	994
735	22
735	228
735	289
735	302
735	425
735	447
735	744
735	861
735	907
735	939
736	45
736	110
736	434
736	594
736	600
736	632
736	668
736	679
736	693
736	862
737	65
737	87
737	399
737	400
737	410
737	573
737	788
737	799
737	902
737	980
738	41
738	142
738	284
738	339
738	387
738	639
738	657
738	828
738	847
738	851
739	155
739	269
739	288
739	523
739	565
739	579
739	719
739	761
739	766
739	856
740	118
740	233
740	394
740	619
740	623
740	657
740	719
740	772
740	838
740	901
741	34
741	122
741	157
741	268
741	346
741	624
741	684
741	823
741	935
741	978
742	4
742	145
742	262
742	291
742	404
742	476
742	548
742	704
742	706
742	944
743	81
743	159
743	415
743	477
743	511
743	533
743	591
743	809
743	845
743	893
744	120
744	192
744	218
744	225
744	258
744	652
744	670
744	676
744	735
744	979
745	30
745	85
745	134
745	135
745	262
745	277
745	364
745	454
745	489
745	951
746	15
746	148
746	226
746	253
746	515
746	545
746	572
746	753
746	781
746	853
747	39
747	68
747	198
747	260
747	348
747	353
747	535
747	733
747	756
747	878
748	185
748	446
748	604
748	625
748	647
748	714
748	718
748	862
748	926
748	950
749	243
749	445
749	460
749	464
749	473
749	541
749	761
749	770
749	804
749	910
750	4
750	112
750	227
750	287
750	339
750	383
750	489
750	517
750	681
750	940
751	37
751	94
751	323
751	503
751	531
751	654
751	671
751	695
751	791
751	852
752	8
752	52
752	98
752	363
752	443
752	508
752	574
752	615
752	725
752	887
753	366
753	381
753	499
753	730
753	733
753	746
753	791
753	796
753	836
753	993
754	100
754	182
754	195
754	347
754	408
754	477
754	511
754	567
754	809
754	811
755	9
755	56
755	137
755	180
755	298
755	414
755	614
755	867
755	958
755	959
756	34
756	49
756	55
756	226
756	459
756	518
756	536
756	669
756	747
756	972
757	50
757	178
757	271
757	286
757	295
757	572
757	695
757	704
757	710
757	814
758	76
758	208
758	311
758	470
758	480
758	510
758	602
758	698
758	863
758	884
759	126
759	180
759	207
759	324
759	363
759	393
759	489
759	780
759	827
759	843
760	22
760	29
760	86
760	133
760	247
760	488
760	534
760	800
760	822
760	905
761	51
761	220
761	249
761	257
761	345
761	549
761	739
761	749
761	764
761	1000
762	151
762	154
762	265
762	377
762	422
762	532
762	588
762	763
762	904
762	988
763	79
763	219
763	440
763	474
763	488
763	577
763	612
763	762
763	824
763	880
764	418
764	429
764	560
764	579
764	606
764	678
764	732
764	761
764	856
764	953
765	18
765	122
765	168
765	233
765	251
765	262
765	580
765	624
765	681
765	847
766	72
766	329
766	342
766	492
766	519
766	565
766	647
766	739
766	970
766	985
767	44
767	484
767	488
767	663
767	768
767	818
767	873
767	912
767	924
767	963
768	154
768	497
768	626
768	665
768	767
768	785
768	832
768	900
768	938
768	990
769	12
769	158
769	209
769	351
769	418
769	466
769	474
769	645
769	721
769	855
770	64
770	89
770	129
770	210
770	279
770	380
770	423
770	450
770	749
770	898
771	9
771	44
771	104
771	146
771	171
771	324
771	625
771	910
771	916
771	940
772	91
772	104
772	217
772	234
772	337
772	740
772	804
772	948
772	950
772	982
773	146
773	158
773	276
773	324
773	454
773	657
773	703
773	855
773	901
773	935
774	248
774	378
774	405
774	554
774	579
774	610
774	731
774	805
774	998
774	1000
775	60
775	115
775	117
775	320
775	352
775	622
775	714
775	805
775	926
775	972
776	86
776	149
776	215
776	223
776	346
776	369
776	544
776	566
776	864
776	995
777	254
777	257
777	362
777	395
777	434
777	592
777	600
777	670
777	839
777	965
778	25
778	40
778	218
778	273
778	274
778	485
778	616
778	709
778	824
778	990
779	24
779	148
779	172
779	226
779	278
779	354
779	388
779	433
779	563
779	716
780	430
780	506
780	510
780	522
780	524
780	583
780	684
780	759
780	913
780	984
781	210
781	229
781	260
781	366
781	459
781	535
781	633
781	746
781	806
781	941
782	203
782	239
782	325
782	482
782	543
782	556
782	603
782	611
782	662
782	915
783	311
783	501
783	573
783	691
783	713
783	726
783	795
783	879
783	896
783	934
784	78
784	94
784	150
784	186
784	386
784	483
784	658
784	686
784	814
784	942
785	192
785	216
785	312
785	413
785	520
785	589
785	652
785	768
785	788
785	979
786	2
786	12
786	195
786	213
786	225
786	466
786	562
786	725
786	855
786	992
787	13
787	222
787	263
787	601
787	662
787	705
787	711
787	797
787	858
787	914
788	76
788	166
788	322
788	400
788	510
788	538
788	554
788	677
788	737
788	785
789	270
789	298
789	442
789	519
789	658
789	694
789	705
789	732
789	856
789	896
790	46
790	58
790	241
790	250
790	306
790	334
790	445
790	472
790	490
790	619
791	113
791	135
791	253
791	267
791	341
791	366
791	455
791	751
791	753
791	901
792	1
792	15
792	127
792	205
792	321
792	669
792	686
792	699
792	733
792	860
793	61
793	62
793	95
793	151
793	217
793	221
793	411
793	557
793	726
793	905
794	257
794	269
794	378
794	487
794	570
794	609
794	714
794	821
794	868
794	895
795	330
795	480
795	641
795	660
795	732
795	783
795	820
795	889
795	896
795	999
796	247
796	278
796	301
796	384
796	394
796	472
796	494
796	536
796	753
796	885
797	3
797	27
797	144
797	176
797	263
797	501
797	729
797	787
797	887
797	931
798	27
798	97
798	230
798	263
798	274
798	294
798	674
798	712
798	887
798	903
799	18
799	232
799	239
799	335
799	423
799	481
799	641
799	737
799	819
799	999
800	96
800	227
800	236
800	285
800	566
800	588
800	680
800	760
800	937
800	981
801	79
801	96
801	114
801	416
801	422
801	550
801	634
801	639
801	720
801	726
802	26
802	127
802	332
802	434
802	571
802	604
802	715
802	815
802	919
802	994
803	12
803	121
803	132
803	143
803	186
803	251
803	642
803	826
803	886
803	894
804	129
804	130
804	265
804	300
804	317
804	567
804	749
804	772
804	920
804	981
805	34
805	84
805	255
805	467
805	570
805	774
805	775
805	812
805	890
805	920
806	14
806	134
806	140
806	171
806	287
806	486
806	489
806	513
806	580
806	781
807	159
807	306
807	424
807	464
807	477
807	547
807	551
807	612
807	919
807	925
808	6
808	49
808	68
808	113
808	212
808	266
808	301
808	575
808	669
808	953
809	46
809	182
809	437
809	547
809	591
809	686
809	743
809	754
809	910
809	919
810	13
810	144
810	203
810	223
810	310
810	487
810	556
810	601
810	712
810	858
811	32
811	89
811	186
811	250
811	547
811	567
811	619
811	728
811	754
811	927
812	85
812	116
812	270
812	285
812	378
812	386
812	552
812	805
812	870
812	886
813	48
813	56
813	112
813	339
813	420
813	454
813	558
813	582
813	680
813	916
814	198
814	321
814	366
814	505
814	521
814	699
814	727
814	757
814	784
814	850
815	110
815	320
815	352
815	507
815	576
815	582
815	625
815	693
815	802
815	933
816	163
816	347
816	379
816	399
816	514
816	546
816	586
816	683
816	696
816	700
817	117
817	165
817	258
817	362
817	408
817	527
817	592
817	649
817	734
817	862
818	33
818	96
818	201
818	342
818	422
818	427
818	720
818	767
818	898
818	979
819	164
819	166
819	414
819	470
819	558
819	799
819	841
819	865
819	980
819	999
820	65
820	523
820	552
820	698
820	795
820	841
820	847
820	859
820	896
820	902
821	85
821	285
821	497
821	609
821	610
821	729
821	794
821	861
821	918
821	973
822	1
822	147
822	259
822	278
822	295
822	353
822	366
822	372
822	455
822	760
823	16
823	64
823	88
823	209
823	344
823	355
823	741
823	921
823	924
823	981
824	273
824	515
824	525
824	544
824	577
824	645
824	763
824	778
824	832
824	912
825	5
825	358
825	479
825	493
825	515
825	537
825	652
825	670
825	702
825	861
826	84
826	269
826	270
826	285
826	300
826	437
826	560
826	803
826	884
826	967
827	90
827	112
827	146
827	280
827	346
827	381
827	579
827	668
827	759
827	958
828	17
828	383
828	595
828	621
828	623
828	653
828	661
828	738
828	844
828	959
829	19
829	173
829	206
829	310
829	368
829	482
829	542
829	611
829	694
829	915
830	192
830	196
830	225
830	293
830	419
830	425
830	670
830	676
830	891
830	913
831	118
831	191
831	392
831	476
831	599
831	632
831	703
831	704
831	952
831	976
832	93
832	144
832	367
832	369
832	409
832	527
832	709
832	768
832	824
832	937
833	51
833	66
833	103
833	468
833	492
833	579
833	723
833	870
833	961
833	982
834	56
834	168
834	333
834	363
834	385
834	682
834	865
834	906
834	943
834	982
835	21
835	58
835	142
835	313
835	389
835	411
835	444
835	583
835	722
835	909
836	147
836	388
836	458
836	459
836	518
836	671
836	710
836	753
836	938
836	971
837	66
837	149
837	256
837	321
837	436
837	525
837	588
837	647
837	917
837	931
838	28
838	343
838	469
838	489
838	505
838	624
838	678
838	740
838	901
838	911
839	128
839	258
839	292
839	441
839	471
839	498
839	649
839	718
839	777
839	972
840	4
840	174
840	177
840	183
840	319
840	590
840	703
840	706
840	858
840	882
841	99
841	138
841	322
841	328
841	603
841	607
841	656
841	698
841	819
841	820
842	117
842	277
842	382
842	395
842	651
842	665
842	693
842	878
842	944
842	965
843	244
843	283
843	343
843	396
843	420
843	506
843	624
843	684
843	759
843	968
844	7
844	116
844	150
844	205
844	257
844	467
844	478
844	605
844	705
844	828
845	52
845	102
845	107
845	163
845	195
845	272
845	543
845	743
845	855
845	886
846	93
846	188
846	221
846	243
846	435
846	500
846	633
846	647
846	897
846	956
847	56
847	227
847	235
847	253
847	513
847	661
847	738
847	765
847	820
847	943
848	57
848	72
848	131
848	257
848	367
848	465
848	550
848	685
848	899
848	959
849	19
849	144
849	203
849	331
849	454
849	512
849	517
849	542
849	603
849	701
850	6
850	117
850	139
850	185
850	198
850	407
850	546
850	576
850	734
850	814
851	256
851	298
851	366
851	420
851	585
851	661
851	738
851	948
851	968
851	978
852	94
852	133
852	141
852	229
852	396
852	472
852	701
852	751
852	969
852	996
853	27
853	144
853	206
853	230
853	611
853	634
853	711
853	746
853	873
853	915
854	119
854	279
854	317
854	318
854	336
854	415
854	551
854	684
854	687
854	920
855	2
855	121
855	410
855	721
855	730
855	769
855	773
855	786
855	845
855	950
856	84
856	224
856	330
856	342
856	373
856	465
856	560
856	739
856	764
856	789
857	105
857	176
857	402
857	442
857	539
857	549
857	550
857	552
857	658
857	918
858	203
858	431
858	501
858	528
858	601
858	634
858	787
858	810
858	840
858	922
859	15
859	58
859	328
859	330
859	348
859	370
859	691
859	820
859	896
859	902
860	48
860	403
860	419
860	548
860	561
860	568
860	608
860	792
860	866
860	946
861	5
861	403
861	475
861	495
861	515
861	629
861	735
861	821
861	825
861	983
862	115
862	185
862	502
862	527
862	651
862	696
862	736
862	748
862	817
862	879
863	101
863	143
863	159
863	474
863	508
863	578
863	620
863	642
863	721
863	758
864	46
864	77
864	79
864	126
864	224
864	274
864	383
864	640
864	655
864	776
865	234
865	506
865	507
865	678
865	716
865	819
865	834
865	901
865	943
865	956
866	24
866	61
866	135
866	323
866	341
866	388
866	440
866	499
866	695
866	860
867	154
867	407
867	427
867	456
867	463
867	663
867	755
867	921
867	938
867	981
868	161
868	288
868	555
868	593
868	638
868	658
868	694
868	794
868	884
868	944
869	5
869	65
869	335
869	419
869	475
869	541
869	688
869	872
869	975
869	997
870	67
870	120
870	249
870	329
870	564
870	610
870	812
870	833
870	967
870	968
871	185
871	326
871	446
871	449
871	571
871	622
871	625
871	651
871	734
871	933
872	10
872	43
872	92
872	225
872	290
872	447
872	531
872	869
872	913
872	930
873	61
873	77
873	125
873	294
873	599
873	767
873	853
873	909
873	974
873	990
874	249
874	327
874	478
874	550
874	552
874	555
874	662
874	695
874	922
874	967
875	170
875	181
875	311
875	516
875	548
875	561
875	568
875	598
875	946
875	975
876	52
876	152
876	237
876	351
876	430
876	650
876	666
876	731
876	734
876	992
877	32
877	42
877	87
877	268
877	358
877	370
877	414
877	426
877	481
877	902
878	11
878	185
878	307
878	398
878	441
878	502
878	594
878	747
878	842
878	926
879	76
879	161
879	164
879	292
879	406
879	554
879	656
879	783
879	862
879	889
880	41
880	109
880	133
880	219
880	377
880	403
880	456
880	565
880	639
880	763
881	4
881	36
881	38
881	69
881	145
881	404
881	540
881	641
881	928
881	944
882	145
882	172
882	245
882	275
882	476
882	490
882	559
882	672
882	840
882	976
883	140
883	158
883	309
883	339
883	430
883	530
883	558
883	592
883	958
883	982
884	7
884	112
884	442
884	549
884	570
884	606
884	732
884	758
884	826
884	868
885	63
885	113
885	162
885	253
885	271
885	295
885	440
885	561
885	796
885	983
886	50
886	132
886	143
886	272
886	689
886	721
886	803
886	812
886	845
886	940
887	310
887	421
887	431
887	556
887	644
887	667
887	674
887	752
887	797
887	798
888	80
888	188
888	192
888	247
888	287
888	349
888	525
888	544
888	588
888	648
889	87
889	358
889	398
889	426
889	510
889	667
889	698
889	795
889	879
889	957
890	7
890	193
890	285
890	331
890	487
890	488
890	557
890	805
890	961
890	967
891	36
891	145
891	177
891	275
891	417
891	537
891	643
891	704
891	724
891	830
892	99
892	238
892	386
892	423
892	523
892	554
892	677
892	692
892	896
892	903
893	119
893	159
893	306
893	375
893	415
893	473
893	511
893	540
893	597
893	743
894	143
894	344
894	410
894	498
894	529
894	562
894	642
894	666
894	803
894	992
895	62
895	75
895	142
895	222
895	277
895	389
895	394
895	794
895	909
895	956
896	164
896	166
896	347
896	783
896	789
896	795
896	820
896	859
896	892
896	934
897	243
897	252
897	293
897	294
897	626
897	634
897	654
897	663
897	846
897	938
898	40
898	62
898	215
898	236
898	326
898	448
898	663
898	770
898	818
898	937
899	57
899	85
899	193
899	270
899	570
899	605
899	665
899	698
899	848
899	970
900	40
900	79
900	252
900	279
900	289
900	438
900	449
900	639
900	768
900	929
901	44
901	59
901	220
901	681
901	740
901	773
901	791
901	838
901	865
901	971
902	65
902	110
902	311
902	377
902	470
902	737
902	820
902	859
902	877
902	934
903	19
903	176
903	221
903	368
903	501
903	517
903	634
903	712
903	798
903	892
904	181
904	189
904	237
904	320
904	332
904	446
904	553
904	564
904	762
904	917
905	20
905	23
905	201
905	215
905	344
905	586
905	760
905	793
905	912
905	962
906	44
906	194
906	308
906	513
906	646
906	659
906	728
906	834
906	909
906	950
907	312
907	359
907	360
907	493
907	674
907	735
907	908
907	937
907	975
907	997
908	92
908	166
908	202
908	211
908	516
908	552
908	568
908	598
908	907
908	977
909	169
909	262
909	313
909	513
909	624
909	835
909	873
909	895
909	906
909	933
910	265
910	317
910	325
910	375
910	687
910	749
910	771
910	809
910	927
910	973
911	39
911	84
911	381
911	396
911	503
911	545
911	633
911	716
911	838
911	983
912	47
912	59
912	61
912	82
912	88
912	640
912	767
912	824
912	905
912	963
913	225
913	403
913	493
913	514
913	608
913	780
913	830
913	872
913	948
913	997
914	260
914	315
914	374
914	401
914	453
914	584
914	634
914	635
914	711
914	787
915	206
915	368
915	432
915	473
915	501
915	520
915	711
915	782
915	829
915	853
916	44
916	217
916	230
916	308
916	506
916	657
916	706
916	771
916	813
916	956
917	198
917	241
917	362
917	382
917	538
917	651
917	708
917	734
917	837
917	904
918	72
918	228
918	244
918	329
918	394
918	821
918	857
918	986
918	998
918	1000
919	129
919	159
919	295
919	408
919	412
919	450
919	802
919	807
919	809
919	927
920	26
920	412
920	511
920	541
920	638
920	804
920	805
920	854
920	923
920	927
921	62
921	173
921	201
921	435
921	612
921	675
921	823
921	867
921	949
921	988
922	53
922	57
922	205
922	429
922	468
922	519
922	549
922	858
922	874
922	947
923	112
923	128
923	130
923	265
923	333
923	375
923	477
923	511
923	638
923	920
924	107
924	114
924	165
924	166
924	441
924	663
924	767
924	823
924	990
924	995
925	130
925	140
925	250
925	460
925	473
925	527
925	567
925	591
925	807
925	927
926	241
926	320
926	332
926	345
926	420
926	484
926	556
926	748
926	775
926	878
927	300
927	408
927	444
927	445
927	613
927	811
927	910
927	919
927	920
927	925
928	4
928	73
928	223
928	365
928	366
928	471
928	545
928	559
928	590
928	881
929	66
929	79
929	126
929	165
929	238
929	273
929	367
929	529
929	726
929	900
930	48
930	296
930	391
930	479
930	516
930	520
930	696
930	702
930	872
930	957
931	114
931	221
931	369
931	409
931	449
931	557
931	570
931	654
931	797
931	837
932	58
932	129
932	194
932	293
932	333
932	380
932	452
932	547
932	551
932	619
933	6
933	162
933	241
933	254
933	272
933	345
933	628
933	815
933	871
933	909
934	20
934	50
934	99
934	297
934	330
934	340
934	573
934	783
934	896
934	902
935	86
935	146
935	169
935	175
935	180
935	364
935	492
935	678
935	741
935	773
936	35
936	285
936	350
936	351
936	356
936	418
936	533
936	615
936	725
936	731
937	16
937	33
937	93
937	157
937	209
937	720
937	800
937	832
937	898
937	907
938	114
938	224
938	243
938	456
938	544
938	768
938	836
938	867
938	897
938	983
939	65
939	92
939	170
939	228
939	240
939	453
939	548
939	608
939	735
939	977
940	112
940	122
940	269
940	284
940	469
940	621
940	727
940	750
940	771
940	886
941	55
941	73
941	186
941	204
941	321
941	338
941	341
941	365
941	531
941	781
942	24
942	135
942	212
942	261
942	341
942	386
942	425
942	494
942	617
942	784
943	107
943	383
943	682
943	727
943	834
943	847
943	865
943	946
943	955
943	959
944	60
944	108
944	326
944	376
944	476
944	616
944	742
944	842
944	868
944	881
945	86
945	210
945	265
945	301
945	317
945	318
945	333
945	415
945	473
945	477
946	17
946	190
946	211
946	340
946	568
946	589
946	860
946	875
946	943
946	997
947	67
947	70
947	103
947	421
947	442
947	465
947	574
947	579
947	718
947	922
948	2
948	264
948	343
948	522
948	583
948	595
948	653
948	772
948	851
948	913
949	60
949	73
949	123
949	177
949	319
949	376
949	471
949	540
949	549
949	921
950	9
950	21
950	168
950	363
950	486
950	682
950	748
950	772
950	855
950	906
951	120
951	146
951	200
951	282
951	284
951	389
951	444
951	513
951	558
951	745
952	4
952	108
952	123
952	167
952	231
952	355
952	563
952	831
952	954
952	989
953	70
953	131
953	275
953	288
953	685
953	729
953	764
953	808
953	986
953	998
954	60
954	81
954	150
954	290
954	291
954	341
954	540
954	600
954	616
954	952
955	140
955	171
955	280
955	349
955	358
955	363
955	522
955	524
955	580
955	943
956	30
956	235
956	411
956	451
956	719
956	846
956	865
956	895
956	916
956	982
957	208
957	297
957	348
957	426
957	523
957	641
957	719
957	889
957	930
957	991
958	33
958	104
958	175
958	454
958	469
958	547
958	582
958	755
958	827
958	883
959	30
959	80
959	157
959	184
959	298
959	324
959	755
959	828
959	848
959	943
960	1
960	24
960	204
960	300
960	302
960	323
960	385
960	455
960	456
960	633
961	47
961	211
961	378
961	421
961	492
961	539
961	601
961	833
961	890
961	1000
962	66
962	86
962	291
962	306
962	427
962	488
962	648
962	680
962	905
962	995
963	93
963	107
963	247
963	338
963	344
963	367
963	654
963	767
963	912
963	992
964	35
964	153
964	183
964	187
964	237
964	251
964	350
964	410
964	451
964	474
965	26
965	115
965	128
965	147
965	241
965	489
965	502
965	714
965	777
965	842
966	50
966	102
966	108
966	143
966	187
966	315
966	340
966	508
966	666
966	731
967	204
967	327
967	337
967	636
967	662
967	732
967	826
967	870
967	874
967	890
968	268
968	357
968	469
968	524
968	595
968	624
968	718
968	843
968	851
968	870
969	63
969	147
969	278
969	302
969	341
969	351
969	409
969	439
969	505
969	852
970	161
970	220
970	229
970	373
970	467
970	610
970	705
970	731
970	766
970	899
971	59
971	158
971	233
971	393
971	452
971	613
971	684
971	836
971	901
971	974
972	162
972	371
972	446
972	564
972	600
972	628
972	756
972	775
972	839
972	997
973	131
973	155
973	269
973	329
973	390
973	468
973	519
973	693
973	821
973	910
974	209
974	256
974	367
974	436
974	475
974	485
974	663
974	717
974	873
974	971
975	218
975	228
975	322
975	343
975	493
975	652
975	670
975	869
975	875
975	907
976	73
976	123
976	189
976	223
976	231
976	275
976	291
976	506
976	831
976	882
977	10
977	202
977	272
977	344
977	493
977	516
977	629
977	696
977	908
977	939
978	68
978	91
978	156
978	346
978	397
978	506
978	702
978	727
978	741
978	851
979	43
979	48
979	136
979	360
979	391
979	514
979	515
979	744
979	785
979	818
980	54
980	87
980	111
980	164
980	423
980	455
980	481
980	680
980	737
980	819
981	109
981	361
981	448
981	504
981	525
981	680
981	800
981	804
981	823
981	867
982	56
982	235
982	446
982	585
982	772
982	833
982	834
982	883
982	956
982	984
983	63
983	286
983	388
983	451
983	535
983	669
983	861
983	885
983	911
983	938
984	23
984	112
984	357
984	383
984	393
984	580
984	581
984	664
984	780
984	982
985	25
985	59
985	140
985	158
985	308
985	346
985	507
985	580
985	583
985	766
986	267
986	373
986	405
986	429
986	437
986	465
986	530
986	694
986	918
986	953
987	35
987	50
987	101
987	237
987	288
987	443
987	538
987	650
987	689
987	731
988	6
988	29
988	88
988	126
988	273
988	443
988	680
988	717
988	762
988	921
989	36
989	60
989	119
989	150
989	191
989	275
989	365
989	615
989	697
989	952
990	31
990	377
990	485
990	491
990	660
990	714
990	768
990	778
990	873
990	924
991	98
991	238
991	328
991	348
991	426
991	481
991	554
991	692
991	707
991	957
992	167
992	266
992	350
992	508
992	627
992	642
992	786
992	876
992	894
992	963
993	109
993	149
993	201
993	314
993	367
993	427
993	500
993	566
993	684
993	753
994	26
994	230
994	242
994	352
994	527
994	564
994	632
994	679
994	734
994	802
995	23
995	209
995	310
995	369
995	433
995	557
995	594
995	776
995	924
995	962
996	27
996	386
996	451
996	483
996	503
996	617
996	659
996	722
996	733
996	852
997	17
997	36
997	216
997	391
997	608
997	869
997	907
997	913
997	946
997	972
998	202
998	306
998	331
998	593
998	606
998	685
998	707
998	774
998	918
998	953
999	31
999	65
999	297
999	401
999	560
999	695
999	713
999	795
999	799
999	819
1000	62
1000	193
1000	342
1000	487
1000	589
1000	609
1000	761
1000	774
1000	918
1000	961
